1517
1518
1518
1516
1516
1516
1517
1517
1518
1515
1516
1516
1516
1517
1518
1518
1516
1517
1517
1518
1517
1520
1519
1517
1517
1517
1517
1517
1518
1519
1517
1517
1517
1518
1518
1518
1519
1517
1517
1517
1518
1519
1517
1517
1517
1517
1517
1519
1518
1517
1517
1517
1517
1519
1517
1517
1517
1517
1517
1518
1520
1517
1517
1517
1517
1517
1518
1519
1517
1517
1517
1517
1519
1519
1516
1517
1517
1517
1517
1517
1519
1517
1517
1517
1517
1517
1517
1518
1518
1518
1518
1517
1517
1517
1517
1517
1517
1518
1516
1517
1517
1517
1517
1517
1517
1517
1517
1518
1518
1518
1518
1518
1519
1519
1518
1518
1518
1518
1518
1518
1518
1518
1519
1518
1518
1518
1518
1518
1518
1518
1518
1518
1518
1518
1518
1518
1518
1518
1518
1518
1518
1518
1518
1518
64
51
27528
11
11
11
103
