2753
2753
2759
2697
2697
2697
2609
2609
2609
2585
2585
2585
2497
2497
2497
2447
2453
2454
2387
2387
2389
2330
2330
2330
2306
2306
2306
2218
2218
2218
2162
2162
2162
2106
2106
2106
2050
2050
2050
1994
1994
1996
1937
1937
1937
1881
1881
1881
1857
1857
1857
1795
1795
1795
1713
1713
1713
1689
1689
1689
1625
1627
1624
1544
1544
1544
1488
1488
1488
1432
1432
1432
1376
1376
1376
1320
1320
1320
1264
1267
1270
1210
1207
1207
1151
1151
1172
1121
1117
1095
1060
1057
1057
1015
1015
1015
930
927
927
871
871
871
815
815
815
759
759
760
704
704
704
648
648
648
592
592
592
536
536
536
480
480
480
424
424
424
400
400
400
311
311
311
255
255
255
225
225
225
143
143
143
87
87
88
1039
1810
1800
2697
2697
2697
2609
2609
2609
2553
2553
2553
2497
2497
2497
2441
2441
2441
2385
2385
2385
2361
2361
2363
2296
2296
2296
2216
2216
2216
2160
2160
2160
2104
2104
2104
2048
2048
2048
1992
1992
1992
1960
1960
1960
1880
1880
1880
1823
1823
1823
1767
1767
1767
1711
1711
1711
1655
1655
1655
1599
1599
1599
1543
1543
1543
1487
1487
1487
1440
1430
1431
1400
1400
1400
1320
1320
1320
1264
1264
1264
1208
1208
1208
1152
1152
1152
1096
1096
1096
1039
1039
1039
983
983
983
927
927
927
895
895
895
841
841
841
759
759
759
703
703
703
646
646
646
622
622
622
566
566
566
478
478
478
422
422
422
390
390
390
310
310
310
278
282
254
198
198
198
170
167
167
85
85
113
58
58
58
54766
54754
54721
53582
53578
53218
52046
52420
52467
50938
50938
51316
49787
50175
50126
48993
48993
48993
47908
47509
47509
46347
46727
46756
45617
45239
45239
44068
44068
44489
43331
42928
42928
41788
41788
41788
40648
40648
41026
39918
39953
39514
38401
38401
38401
37233
37233
37233
36090
36090
36090
35354
34972
34972
34249
33840
33840
32702
33047
32702
31528
31528
31951
30768
30812
30758
29705
29283
29283
28141
28141
28550
27411
27411
27411
26270
25863
26220
24692
25069
24724
23552
23552
23552
22412
22412
22412
21272
21272
21272
20154
20154
20154
18993
18993
19382
18212
17885
17885
16745
16745
16745
15573
15573
15573
14433
14434
14794
13296
13296
13649
12156
12156
12510
11405
11387
11405
10248
10244
10226
9125
9108
8736
7956
7956
7956
6816
6816
6816
5676
5676
5676
4537
4204
4561
3412
3072
3424
2270
1899
2283
1131
791
1143
