1402689
1402703
1402705
1402719
1402733
1402745
1402757
1402769
1402783
1402797
1402811
1402823
1402835
1402847
1402861
1402863
1402875
1402899
1402913
1402925
1402928
1402942
1402956
1402968
1402980
1402992
1402994
1403006
1403020
1403032
1403044
1403056
1403068
1403080
1403082
1403094
1403108
1403122
1403134
1403148
1403160
1403162
1403176
1403190
1403204
1403218
1403230
1403242
1403256
1403268
1403280
1403294
1403308
1403320
1403332
1403346
1403358
1403370
1403382
1403396
1403410
1403419
1403431
1403445
1403457
1403469
1403481
1403495
1403509
1403523
1403537
1403549
1403561
1403563
1403575
1403589
1403603
1403617
1403629
1403631
1403643
1403650
1403652
1403666
1403680
1403692
1403694
1403706
1403708
1403710
1403712
1403724
1403736
1403748
1403762
1403776
1403778
1403790
1403802
1403816
1403828
1403840
1403852
1403854
1403856
1403868
1403880
1403923
1403935
1403947
1403959
1403971
1403983
1403985
1403997
1404009
1404011
1404023
1404025
1404027
1404039
1404051
1404065
1404077
1404089
1404101
1404115
1404127
1404139
1404151
1404163
1404175
1404189
1404201
1404215
1404227
1404239
1404251
1404265
1404277
1404279
1404291
1404303
1404956
1373484
1373486
1373498
1373510
1373522
1373534
1373546
1373558
1373572
1373584
1373596
1373608
1373622
1373634
1373646
1373658
1373670
1373682
1373694
1373706
1373718
1373730
1373742
1373751
1373763
1373775
1373789
1373801
1373815
1373827
1373839
1373851
1373865
1373877
1373889
1373891
1373903
1373905
1373907
1373919
1373921
1373923
1373935
1373937
1373951
1373963
1373975
1373977
1373989
1373991
1373993
1374005
1374017
1374029
1374041
1374053
1374055
1374067
1374079
1374081
1374093
1374105
1374107
1374119
1374131
1374143
1374155
1374167
1374179
1374181
1374193
1374220
1374232
1374244
1374256
1374268
1374282
1374296
1374310
1374324
1374338
1374352
1374366
1374380
1374394
1374408
1374422
1374436
1374450
1374464
1374478
1374492
1374504
1374516
1374518
1374520
1374532
1374534
1374536
1374548
1374550
1374552
1374564
1374566
1374568
1374580
1374592
1374604
1374616
1374628
1374630
1374642
1374654
1374656
1374668
1374680
1374682
1374694
1374706
1374718
1374730
1374732
1374734
1374746
1374748
1374750
1374762
1374764
1374766
1374778
1374790
1374802
1374814
1374816
1374828
1374840
1374852
1374864
1374866
1374878
1374890
1374902
1374914
1374916
1374928
1374942
1374954
28035192
28035194
28035196
28035198
28035200
28035212
28035224
28035226
28035228
28035242
28035256
28035258
28035272
28035274
28035276
28035278
28035280
28035282
28035284
28035298
28035312
28035326
28035328
28035330
28035332
28035346
28035358
28035372
28035384
28035386
28035388
28035402
28035416
28035430
28035444
28035456
28035470
28035482
28035484
28035486
28035488
28035500
28035514
28035528
28035540
28035554
28035566
28035580
28035594
28035606
28035618
28035620
28035632
28035646
28035648
28035662
28035674
28035688
28035690
28035704
28035718
28035732
28035734
28035736
28035738
28035740
28035742
28035754
28035766
28035780
28035792
28035794
28035796
28035798
28035800
28035802
28035814
28035816
28035828
28035830
28035842
28035854
28035866
28035878
28035892
28035904
28035918
28035930
28035944
28035946
28035958
28035970
28035984
28035996
28035998
28036000
28036002
28036014
28036016
28036028
28036030
28036042
28036056
28036068
28036080
28036094
28036122
28036124
28036138
28036150
28036152
28036164
28036176
28036178
28036180
28036182
28036184
28036186
28036188
28036190
28036192
28036194
28036206
28036208
28036210
28036212
28036214
28036216
28036218
28036220
28036222
28036224
28036226
28036240
28036242
28036244
28036256
28036258
28036260
28036272
28036274
28036276
28036288
28036290
